
X-Axis: Magnitude
Y-Axis: 1 Hour Cumulative Number
Number of Data Sets: 6


DATASET #1

     Name: Mean
   Points: 66
     Info: 

Data[x,y]:
2.5	  501.24286
2.6	  398.1753
2.7	  316.29803
2.8	  251.17473
2.9	  199.52779
3.0	  158.45535
3.1	  125.84521
3.2	  99.96224
3.3	  79.38122
3.4	  63.06335
3.5	  50.07352
3.6	  39.75025
3.7	  31.5723
3.8	  25.06792
3.9	  19.91127
4.0	  15.81123
4.1	  12.5464
4.2	  9.954
4.3	  7.89894
4.4	  6.25826
4.5	  4.95945
4.6	  3.92868
4.7	  3.11607
4.8	  2.46218
4.9	  1.94701
5.0	  1.53414
5.1	  1.20552
5.2	  0.94346
5.3	  0.73816
5.4	  0.57339
5.5	  0.44232
5.6	  0.33867
5.7	  0.25701
5.8	  0.1921
5.9	  0.14067
6.0	  0.10221
6.1	  0.07107
6.2	  0.04753
6.3	  0.03354
6.4	  0.0235
6.5	  0.01695
6.6	  0.01209
6.7	  0.00864
6.8	  0.00605
6.9	  0.00414
7.0	  0.00305
7.1	  0.00218
7.2	  0.00142
7.3	  9.2E-4
7.4	  7.2E-4
7.5	  5.0E-4
7.6	  2.5E-4
7.7	  4.0E-5
7.8	  1.0E-5
7.9	  0.0
8.0	  0.0
8.1	  0.0
8.2	  0.0
8.3	  0.0
8.4	  0.0
8.5	  0.0
8.6	  0.0
8.7	  0.0
8.8	  0.0
8.9	  0.0
9.0	  0.0



DATASET #2

     Name: 2.5%,97.5%
   Points: 66
     Info: 

Data[x,y]:
2.5	  444.0
2.6	  349.0
2.7	  274.0
2.8	  214.0
2.9	  167.0
3.0	  130.0
3.1	  101.0
3.2	  78.0
3.3	  60.0
3.4	  46.0
3.5	  35.0
3.6	  27.0
3.7	  20.0
3.8	  15.0
3.9	  11.0
4.0	  8.0
4.1	  6.0
4.2	  4.0
4.3	  3.0
4.4	  2.0
4.5	  1.0
4.6	  1.0
4.7	  0.0
4.8	  0.0
4.9	  0.0
5.0	  0.0
5.1	  0.0
5.2	  0.0
5.3	  0.0
5.4	  0.0
5.5	  0.0
5.6	  0.0
5.7	  0.0
5.8	  0.0
5.9	  0.0
6.0	  0.0
6.1	  0.0
6.2	  0.0
6.3	  0.0
6.4	  0.0
6.5	  0.0
6.6	  0.0
6.7	  0.0
6.8	  0.0
6.9	  0.0
7.0	  0.0
7.1	  0.0
7.2	  0.0
7.3	  0.0
7.4	  0.0
7.5	  0.0
7.6	  0.0
7.7	  0.0
7.8	  0.0
7.9	  0.0
8.0	  0.0
8.1	  0.0
8.2	  0.0
8.3	  0.0
8.4	  0.0
8.5	  0.0
8.6	  0.0
8.7	  0.0
8.8	  0.0
8.9	  0.0
9.0	  0.0



DATASET #3

     Name: null
   Points: 66
     Info: 

Data[x,y]:
2.5	  586.0
2.6	  468.0
2.7	  375.0
2.8	  300.0
2.9	  241.0
3.0	  194.0
3.1	  156.0
3.2	  126.0
3.3	  102.0
3.4	  83.0
3.5	  67.0
3.6	  55.0
3.7	  45.0
3.8	  37.0
3.9	  30.0
4.0	  25.0
4.1	  21.0
4.2	  17.0
4.3	  14.0
4.4	  12.0
4.5	  10.0
4.6	  9.0
4.7	  7.0
4.8	  6.0
4.9	  5.0
5.0	  5.0
5.1	  4.0
5.2	  3.0
5.3	  3.0
5.4	  2.0
5.5	  2.0
5.6	  2.0
5.7	  2.0
5.8	  1.0
5.9	  1.0
6.0	  1.0
6.1	  1.0
6.2	  1.0
6.3	  1.0
6.4	  0.0
6.5	  0.0
6.6	  0.0
6.7	  0.0
6.8	  0.0
6.9	  0.0
7.0	  0.0
7.1	  0.0
7.2	  0.0
7.3	  0.0
7.4	  0.0
7.5	  0.0
7.6	  0.0
7.7	  0.0
7.8	  0.0
7.9	  0.0
8.0	  0.0
8.1	  0.0
8.2	  0.0
8.3	  0.0
8.4	  0.0
8.5	  0.0
8.6	  0.0
8.7	  0.0
8.8	  0.0
8.9	  0.0
9.0	  0.0



DATASET #4

     Name: 1 hr Prob
   Points: 66
     Info: 

Data[x,y]:
2.5	  1.0
2.6	  1.0
2.7	  1.0
2.8	  1.0
2.9	  1.0
3.0	  1.0
3.1	  1.0
3.2	  1.0
3.3	  1.0
3.4	  1.0
3.5	  1.0
3.6	  1.0
3.7	  1.0
3.8	  1.0
3.9	  1.0
4.0	  1.0
4.1	  1.0
4.2	  0.99989
4.3	  0.99945
4.4	  0.99732
4.5	  0.9914
4.6	  0.97597
4.7	  0.94831
4.8	  0.90516
4.9	  0.84487
5.0	  0.77166
5.1	  0.68695
5.2	  0.59867
5.3	  0.51211
5.4	  0.42781
5.5	  0.35018
5.6	  0.28172
5.7	  0.22178
5.8	  0.17151
5.9	  0.12869
6.0	  0.09544
6.1	  0.06726
6.2	  0.04553
6.3	  0.03247
6.4	  0.02291
6.5	  0.01662
6.6	  0.01193
6.7	  0.00856
6.8	  0.00603
6.9	  0.00414
7.0	  0.00305
7.1	  0.00218
7.2	  0.00142
7.3	  9.2E-4
7.4	  7.2E-4
7.5	  5.0E-4
7.6	  2.5E-4
7.7	  4.0E-5
7.8	  1.0E-5
7.9	  0.0
8.0	  0.0
8.1	  0.0
8.2	  0.0
8.3	  0.0
8.4	  0.0
8.5	  0.0
8.6	  0.0
8.7	  0.0
8.8	  0.0
8.9	  0.0
9.0	  0.0



DATASET #5

Name: 95% Conf
Num Points: 66
Info: 

X, Y Data:
2.5	1.0	[1.0	1.0]
2.6	1.0	[1.0	1.0]
2.7	1.0	[1.0	1.0]
2.8	1.0	[1.0	1.0]
2.9	1.0	[1.0	1.0]
3.0	1.0	[1.0	1.0]
3.1	1.0	[1.0	1.0]
3.2	1.0	[1.0	1.0]
3.3	1.0	[1.0	1.0]
3.4	1.0	[1.0	1.0]
3.5	1.0	[1.0	1.0]
3.6	1.0	[1.0	1.0]
3.7	1.0	[1.0	1.0]
3.8	1.0	[1.0	1.0]
3.9	1.0	[1.0	1.0]
4.0	1.0	[1.0	1.0]
4.1	1.0	[1.0	1.0]
4.2	0.99989	[0.9997966	0.9999421]
4.3	0.99945	[0.9992786	0.99958175]
4.4	0.99732	[0.9969746	0.9976266]
4.5	0.9914	[0.99080336	0.99195856]
4.6	0.97597	[0.9749973	0.97690594]
4.7	0.94831	[0.9469154	0.9496701]
4.8	0.90516	[0.90332335	0.90696543]
4.9	0.84487	[0.84260786	0.8471056]
5.0	0.77166	[0.76904285	0.7742562]
5.1	0.68695	[0.6840636	0.689822]
5.2	0.59867	[0.5956232	0.60170925]
5.3	0.51211	[0.5090065	0.5152126]
5.4	0.42781	[0.42474127	0.43088427]
5.5	0.35018	[0.34722418	0.35314736]
5.6	0.28172	[0.2789353	0.2845215]
5.7	0.22178	[0.21921079	0.22437063]
5.8	0.17151	[0.16918127	0.17386402]
5.9	0.12869	[0.12662382	0.13078476]
6.0	0.09544	[0.09362943	0.09728174]
6.1	0.06726	[0.06571918	0.06883418]
6.2	0.04553	[0.04425036	0.046844687]
6.3	0.03247	[0.03138434	0.03359174]
6.4	0.02291	[0.02199593	0.023860922]
6.5	0.01662	[0.015841106	0.017436266]
6.6	0.01193	[0.01127071	0.012627067]
6.7	0.00856	[0.008002756	0.009155331]
6.8	0.00603	[0.0055639623	0.006534384]
6.9	0.00414	[0.003755865	0.0045627095]
7.0	0.00305	[0.0027220661	0.0034166717]
7.1	0.00218	[0.0019047527	0.0024941545]
7.2	0.00142	[0.001200387	0.0016787362]
7.3	9.2E-4	[7.457983E-4	0.0011335606]
7.4	7.2E-4	[5.674027E-4	9.121026E-4]
7.5	5.0E-4	[3.7499785E-4	6.6475E-4]
7.6	2.5E-4	[1.6531504E-4	3.7500297E-4]
7.7	4.0E-5	[1.2813544E-5	1.10003224E-4]
7.8	1.0E-5	[5.219861E-7	6.4949265E-5]
7.9	0.0	[0.0	4.7892154E-5]
8.0	0.0	[0.0	4.7892154E-5]
8.1	0.0	[0.0	4.7892154E-5]
8.2	0.0	[0.0	4.7892154E-5]
8.3	0.0	[0.0	4.7892154E-5]
8.4	0.0	[0.0	0.0]
8.5	0.0	[0.0	0.0]
8.6	0.0	[0.0	0.0]
8.7	0.0	[0.0	0.0]
8.8	0.0	[0.0	0.0]
8.9	0.0	[0.0	0.0]
9.0	0.0	[0.0	0.0]



DATASET #6

     Name: Supra
   Points: 66
     Info: 

Data[x,y]:
2.5	  0.01467
2.6	  0.01467
2.7	  0.01467
2.8	  0.01467
2.9	  0.01467
3.0	  0.01467
3.1	  0.01467
3.2	  0.01467
3.3	  0.01467
3.4	  0.01467
3.5	  0.01467
3.6	  0.01467
3.7	  0.01467
3.8	  0.01467
3.9	  0.01467
4.0	  0.01467
4.1	  0.01467
4.2	  0.01467
4.3	  0.01467
4.4	  0.01467
4.5	  0.01467
4.6	  0.01467
4.7	  0.01467
4.8	  0.01467
4.9	  0.01467
5.0	  0.01467
5.1	  0.01467
5.2	  0.01467
5.3	  0.01467
5.4	  0.01467
5.5	  0.01467
5.6	  0.01467
5.7	  0.01467
5.8	  0.01467
5.9	  0.01466
6.0	  0.01464
6.1	  0.00981
6.2	  0.00843
6.3	  0.0062
6.4	  0.00535
6.5	  0.00421
6.6	  0.00343
6.7	  0.00272
6.8	  0.00222
6.9	  0.00171
7.0	  0.00138
7.1	  0.00117
7.2	  0.001
7.3	  7.7E-4
7.4	  6.6E-4
7.5	  5.0E-4
7.6	  2.5E-4
7.7	  4.0E-5
7.8	  1.0E-5
7.9	  0.0
8.0	  0.0
8.1	  0.0
8.2	  0.0
8.3	  0.0
8.4	  0.0
8.5	  0.0
8.6	  0.0
8.7	  0.0
8.8	  0.0
8.9	  0.0
9.0	  0.0


