
X-Axis: Magnitude
Y-Axis: 1 Month Cumulative Number
Number of Data Sets: 6


DATASET #1

     Name: Mean
   Points: 66
     Info: 

Data[x,y]:
2.5	  627.3027
2.6	  498.2738
2.7	  395.82996
2.8	  314.43488
2.9	  249.75504
3.0	  198.4223
3.1	  157.60732
3.2	  125.19354
3.3	  99.43815
3.4	  78.96439
3.5	  62.70901
3.6	  49.80284
3.7	  39.56058
3.8	  31.42198
3.9	  24.94631
4.0	  19.81413
4.1	  15.74055
4.2	  12.49575
4.3	  9.93036
4.4	  7.88754
4.5	  6.26354
4.6	  4.97641
4.7	  3.9554
4.8	  3.14501
4.9	  2.49582
5.0	  1.98211
5.1	  1.5753
5.2	  1.24962
5.3	  0.99147
5.4	  0.78643
5.5	  0.62637
5.6	  0.49608
5.7	  0.39428
5.8	  0.31185
5.9	  0.24672
6.0	  0.19601
6.1	  0.15602
6.2	  0.12361
6.3	  0.09824
6.4	  0.0774
6.5	  0.06141
6.6	  0.04855
6.7	  0.03885
6.8	  0.03053
6.9	  0.02408
7.0	  0.01873
7.1	  0.01445
7.2	  0.01116
7.3	  0.00857
7.4	  0.00655
7.5	  0.00514
7.6	  0.00384
7.7	  0.00303
7.8	  0.00227
7.9	  0.00173
8.0	  0.00111
8.1	  7.5E-4
8.2	  3.5E-4
8.3	  0.0
8.4	  0.0
8.5	  0.0
8.6	  0.0
8.7	  0.0
8.8	  0.0
8.9	  0.0
9.0	  0.0



DATASET #2

     Name: 2.5%,97.5%
   Points: 66
     Info: 

Data[x,y]:
2.5	  353.0
2.6	  277.0
2.7	  217.0
2.8	  170.0
2.9	  133.0
3.0	  103.0
3.1	  80.0
3.2	  62.0
3.3	  47.0
3.4	  36.0
3.5	  28.0
3.6	  21.0
3.7	  15.0
3.8	  11.0
3.9	  8.0
4.0	  6.0
4.1	  4.0
4.2	  3.0
4.3	  2.0
4.4	  1.0
4.5	  1.0
4.6	  0.0
4.7	  0.0
4.8	  0.0
4.9	  0.0
5.0	  0.0
5.1	  0.0
5.2	  0.0
5.3	  0.0
5.4	  0.0
5.5	  0.0
5.6	  0.0
5.7	  0.0
5.8	  0.0
5.9	  0.0
6.0	  0.0
6.1	  0.0
6.2	  0.0
6.3	  0.0
6.4	  0.0
6.5	  0.0
6.6	  0.0
6.7	  0.0
6.8	  0.0
6.9	  0.0
7.0	  0.0
7.1	  0.0
7.2	  0.0
7.3	  0.0
7.4	  0.0
7.5	  0.0
7.6	  0.0
7.7	  0.0
7.8	  0.0
7.9	  0.0
8.0	  0.0
8.1	  0.0
8.2	  0.0
8.3	  0.0
8.4	  0.0
8.5	  0.0
8.6	  0.0
8.7	  0.0
8.8	  0.0
8.9	  0.0
9.0	  0.0



DATASET #3

     Name: null
   Points: 66
     Info: 

Data[x,y]:
2.5	  1706.0
2.6	  1353.0
2.7	  1076.0
2.8	  855.0
2.9	  682.0
3.0	  543.0
3.1	  431.0
3.2	  343.0
3.3	  273.0
3.4	  218.0
3.5	  174.0
3.6	  138.0
3.7	  110.0
3.8	  88.0
3.9	  70.0
4.0	  57.0
4.1	  46.0
4.2	  36.0
4.3	  29.0
4.4	  24.0
4.5	  20.0
4.6	  16.0
4.7	  13.0
4.8	  11.0
4.9	  9.0
5.0	  8.0
5.1	  6.0
5.2	  5.0
5.3	  5.0
5.4	  4.0
5.5	  3.0
5.6	  3.0
5.7	  3.0
5.8	  2.0
5.9	  2.0
6.0	  2.0
6.1	  1.0
6.2	  1.0
6.3	  1.0
6.4	  1.0
6.5	  1.0
6.6	  1.0
6.7	  1.0
6.8	  0.0
6.9	  0.0
7.0	  0.0
7.1	  0.0
7.2	  0.0
7.3	  0.0
7.4	  0.0
7.5	  0.0
7.6	  0.0
7.7	  0.0
7.8	  0.0
7.9	  0.0
8.0	  0.0
8.1	  0.0
8.2	  0.0
8.3	  0.0
8.4	  0.0
8.5	  0.0
8.6	  0.0
8.7	  0.0
8.8	  0.0
8.9	  0.0
9.0	  0.0



DATASET #4

     Name: 1 mo Prob
   Points: 66
     Info: 

Data[x,y]:
2.5	  1.0
2.6	  1.0
2.7	  1.0
2.8	  1.0
2.9	  1.0
3.0	  1.0
3.1	  1.0
3.2	  1.0
3.3	  1.0
3.4	  1.0
3.5	  1.0
3.6	  1.0
3.7	  1.0
3.8	  1.0
3.9	  1.0
4.0	  0.99996
4.1	  0.99988
4.2	  0.99935
4.3	  0.99701
4.4	  0.99079
4.5	  0.97622
4.6	  0.95133
4.7	  0.91134
4.8	  0.85769
4.9	  0.79051
5.0	  0.71288
5.1	  0.63239
5.2	  0.55226
5.3	  0.47487
5.4	  0.40483
5.5	  0.34216
5.6	  0.28535
5.7	  0.23662
5.8	  0.19427
5.9	  0.15858
6.0	  0.12972
6.1	  0.10563
6.2	  0.08518
6.3	  0.06924
6.4	  0.05587
6.5	  0.04521
6.6	  0.0364
6.7	  0.02972
6.8	  0.02386
6.9	  0.01891
7.0	  0.015
7.1	  0.01168
7.2	  0.00912
7.3	  0.00715
7.4	  0.00561
7.5	  0.00444
7.6	  0.00338
7.7	  0.00272
7.8	  0.00209
7.9	  0.00156
8.0	  0.00104
8.1	  7.2E-4
8.2	  3.4E-4
8.3	  0.0
8.4	  0.0
8.5	  0.0
8.6	  0.0
8.7	  0.0
8.8	  0.0
8.9	  0.0
9.0	  0.0



DATASET #5

Name: 95% Conf
Num Points: 66
Info: 

X, Y Data:
2.5	1.0	[1.0	1.0]
2.6	1.0	[1.0	1.0]
2.7	1.0	[1.0	1.0]
2.8	1.0	[1.0	1.0]
2.9	1.0	[1.0	1.0]
3.0	1.0	[1.0	1.0]
3.1	1.0	[1.0	1.0]
3.2	1.0	[1.0	1.0]
3.3	1.0	[1.0	1.0]
3.4	1.0	[1.0	1.0]
3.5	1.0	[1.0	1.0]
3.6	1.0	[1.0	1.0]
3.7	1.0	[1.0	1.0]
3.8	1.0	[1.0	1.0]
3.9	1.0	[1.0	1.0]
4.0	0.99996	[0.99988997	0.9999872]
4.1	0.99988	[0.9997839	0.999935]
4.2	0.99935	[0.9991661	0.9994943]
4.3	0.99701	[0.9966467	0.99733454]
4.4	0.99079	[0.99017364	0.99136835]
4.5	0.97622	[0.9752521	0.9771511]
4.6	0.95133	[0.9499738	0.9526514]
4.7	0.91134	[0.9095573	0.913091]
4.8	0.85769	[0.8555058	0.85984665]
4.9	0.79051	[0.78797156	0.7930261]
5.0	0.71288	[0.71006274	0.7156809]
5.1	0.63239	[0.62939155	0.6353783]
5.2	0.55226	[0.549171	0.555345]
5.3	0.47487	[0.4717709	0.47797102]
5.4	0.40483	[0.40178633	0.407881]
5.5	0.34216	[0.33922055	0.34511158]
5.6	0.28535	[0.2825544	0.28816214]
5.7	0.23662	[0.23399095	0.23926933]
5.8	0.19427	[0.1918246	0.19673894]
5.9	0.15858	[0.1563241	0.16086219]
6.0	0.12972	[0.12764673	0.13182178]
6.1	0.10563	[0.103735104	0.10755527]
6.2	0.08518	[0.083460756	0.08693121]
6.3	0.06924	[0.067678094	0.070835106]
6.4	0.05587	[0.054458532	0.057315707]
6.5	0.04521	[0.043934707	0.04652037]
6.6	0.0364	[0.03525198	0.037583794]
6.7	0.02972	[0.0286805	0.030795803]
6.8	0.02386	[0.022927323	0.024829451]
6.9	0.01891	[0.018079184	0.019777996]
7.0	0.015	[0.014260149	0.01577736]
7.1	0.01168	[0.011027722	0.012370077]
7.2	0.00912	[0.008544525	0.009733508]
7.3	0.00715	[0.006641564	0.0076966635]
7.4	0.00561	[0.005160886	0.0060975077]
7.5	0.00444	[0.0040417565	0.0048767785]
7.6	0.00338	[0.0030341118	0.0037645726]
7.7	0.00272	[0.0024110284	0.003067768]
7.8	0.00209	[0.0018207667	0.0023981615]
7.9	0.00156	[0.0013291816	0.0018298934]
8.0	0.00104	[8.539544E-4	0.0012653352]
8.1	7.2E-4	[5.674027E-4	9.121026E-4]
8.2	3.4E-4	[2.3915971E-4	4.8088527E-4]
8.3	0.0	[0.0	4.7892154E-5]
8.4	0.0	[0.0	0.0]
8.5	0.0	[0.0	0.0]
8.6	0.0	[0.0	0.0]
8.7	0.0	[0.0	0.0]
8.8	0.0	[0.0	0.0]
8.9	0.0	[0.0	0.0]
9.0	0.0	[0.0	0.0]



DATASET #6

     Name: Supra
   Points: 66
     Info: 

Data[x,y]:
2.5	  0.0
2.6	  0.0
2.7	  0.0
2.8	  0.0
2.9	  0.0
3.0	  0.0
3.1	  0.0
3.2	  0.0
3.3	  0.0
3.4	  0.0
3.5	  0.0
3.6	  0.0
3.7	  0.0
3.8	  0.0
3.9	  0.0
4.0	  0.0
4.1	  0.0
4.2	  0.0
4.3	  0.0
4.4	  0.0
4.5	  0.0
4.6	  0.0
4.7	  0.0
4.8	  0.0
4.9	  0.0
5.0	  0.0
5.1	  0.0
5.2	  0.0
5.3	  0.0
5.4	  0.0
5.5	  0.0
5.6	  0.0
5.7	  0.0
5.8	  0.0
5.9	  0.0
6.0	  0.0
6.1	  0.0
6.2	  0.0
6.3	  0.0
6.4	  0.0
6.5	  0.0
6.6	  0.0
6.7	  0.0
6.8	  0.0
6.9	  0.0
7.0	  0.0
7.1	  0.0
7.2	  0.0
7.3	  0.0
7.4	  0.0
7.5	  0.0
7.6	  0.0
7.7	  0.0
7.8	  0.0
7.9	  0.0
8.0	  0.0
8.1	  0.0
8.2	  0.0
8.3	  0.0
8.4	  0.0
8.5	  0.0
8.6	  0.0
8.7	  0.0
8.8	  0.0
8.9	  0.0
9.0	  0.0


