
X-Axis: Magnitude
Y-Axis: 10 Year Cumulative Number
Number of Data Sets: 6


DATASET #1

     Name: Mean
   Points: 66
     Info: 

Data[x,y]:
2.5	  7939.112
2.6	  6306.189
2.7	  5009.128
2.8	  3978.9397
2.9	  3160.489
3.0	  2510.4927
3.1	  1994.2188
3.2	  1584.1044
3.3	  1258.201
3.4	  999.40485
3.5	  793.87305
3.6	  630.58734
3.7	  500.83878
3.8	  397.83246
3.9	  315.98123
4.0	  251.00932
4.1	  199.36084
4.2	  158.40341
4.3	  125.81816
4.4	  99.93854
4.5	  79.34724
4.6	  63.03862
4.7	  50.05693
4.8	  39.75577
4.9	  31.5694
5.0	  25.06983
5.1	  19.92283
5.2	  15.83188
5.3	  12.56858
5.4	  9.97851
5.5	  7.92467
5.6	  6.2882
5.7	  4.9968
5.8	  3.9626
5.9	  3.14724
6.0	  2.49893
6.1	  1.98098
6.2	  1.56931
6.3	  1.24424
6.4	  0.98636
6.5	  0.78119
6.6	  0.61957
6.7	  0.48951
6.8	  0.38597
6.9	  0.30474
7.0	  0.23919
7.1	  0.18718
7.2	  0.14697
7.3	  0.11404
7.4	  0.08815
7.5	  0.06723
7.6	  0.05142
7.7	  0.0386
7.8	  0.02828
7.9	  0.02011
8.0	  0.01361
8.1	  0.00811
8.2	  0.00374
8.3	  0.0
8.4	  0.0
8.5	  0.0
8.6	  0.0
8.7	  0.0
8.8	  0.0
8.9	  0.0
9.0	  0.0



DATASET #2

     Name: 2.5%,97.5%
   Points: 66
     Info: 

Data[x,y]:
2.5	  3695.0
2.6	  2929.0
2.7	  2324.0
2.8	  1841.0
2.9	  1458.0
3.0	  1155.0
3.1	  913.0
3.2	  722.0
3.3	  570.0
3.4	  449.0
3.5	  353.0
3.6	  278.0
3.7	  218.0
3.8	  171.0
3.9	  133.0
4.0	  104.0
4.1	  81.0
4.2	  62.0
4.3	  48.0
4.4	  37.0
4.5	  28.0
4.6	  21.0
4.7	  16.0
4.8	  12.0
4.9	  8.0
5.0	  6.0
5.1	  4.0
5.2	  3.0
5.3	  2.0
5.4	  1.0
5.5	  1.0
5.6	  0.0
5.7	  0.0
5.8	  0.0
5.9	  0.0
6.0	  0.0
6.1	  0.0
6.2	  0.0
6.3	  0.0
6.4	  0.0
6.5	  0.0
6.6	  0.0
6.7	  0.0
6.8	  0.0
6.9	  0.0
7.0	  0.0
7.1	  0.0
7.2	  0.0
7.3	  0.0
7.4	  0.0
7.5	  0.0
7.6	  0.0
7.7	  0.0
7.8	  0.0
7.9	  0.0
8.0	  0.0
8.1	  0.0
8.2	  0.0
8.3	  0.0
8.4	  0.0
8.5	  0.0
8.6	  0.0
8.7	  0.0
8.8	  0.0
8.9	  0.0
9.0	  0.0



DATASET #3

     Name: null
   Points: 66
     Info: 

Data[x,y]:
2.5	  35234.0
2.6	  27969.0
2.7	  22226.0
2.8	  17641.0
2.9	  14032.0
3.0	  11134.0
3.1	  8854.0
3.2	  7029.0
3.3	  5577.0
3.4	  4434.0
3.5	  3526.0
3.6	  2799.0
3.7	  2226.0
3.8	  1769.0
3.9	  1406.0
4.0	  1114.0
4.1	  883.0
4.2	  704.0
4.3	  562.0
4.4	  447.0
4.5	  356.0
4.6	  283.0
4.7	  225.0
4.8	  179.0
4.9	  142.0
5.0	  113.0
5.1	  91.0
5.2	  73.0
5.3	  58.0
5.4	  47.0
5.5	  38.0
5.6	  30.0
5.7	  24.0
5.8	  20.0
5.9	  16.0
6.0	  13.0
6.1	  11.0
6.2	  9.0
6.3	  7.0
6.4	  6.0
6.5	  5.0
6.6	  4.0
6.7	  4.0
6.8	  3.0
6.9	  3.0
7.0	  2.0
7.1	  2.0
7.2	  2.0
7.3	  1.0
7.4	  1.0
7.5	  1.0
7.6	  1.0
7.7	  1.0
7.8	  0.0
7.9	  0.0
8.0	  0.0
8.1	  0.0
8.2	  0.0
8.3	  0.0
8.4	  0.0
8.5	  0.0
8.6	  0.0
8.7	  0.0
8.8	  0.0
8.9	  0.0
9.0	  0.0



DATASET #4

     Name: 10 yr Prob
   Points: 66
     Info: 

Data[x,y]:
2.5	  1.0
2.6	  1.0
2.7	  1.0
2.8	  1.0
2.9	  1.0
3.0	  1.0
3.1	  1.0
3.2	  1.0
3.3	  1.0
3.4	  1.0
3.5	  1.0
3.6	  1.0
3.7	  1.0
3.8	  1.0
3.9	  1.0
4.0	  1.0
4.1	  1.0
4.2	  1.0
4.3	  1.0
4.4	  1.0
4.5	  1.0
4.6	  1.0
4.7	  1.0
4.8	  1.0
4.9	  0.99999
5.0	  0.99995
5.1	  0.99978
5.2	  0.99924
5.3	  0.99677
5.4	  0.9905
5.5	  0.97626
5.6	  0.95113
5.7	  0.91327
5.8	  0.86222
5.9	  0.80018
6.0	  0.72859
6.1	  0.65094
6.2	  0.57304
6.3	  0.49707
6.4	  0.42692
6.5	  0.36309
6.6	  0.30794
6.7	  0.25743
6.8	  0.21318
6.9	  0.1768
7.0	  0.14488
7.1	  0.11779
7.2	  0.09608
7.3	  0.07697
7.4	  0.06178
7.5	  0.04893
7.6	  0.03899
7.7	  0.0303
7.8	  0.02305
7.9	  0.01693
8.0	  0.01193
8.1	  0.00733
8.2	  0.00352
8.3	  0.0
8.4	  0.0
8.5	  0.0
8.6	  0.0
8.7	  0.0
8.8	  0.0
8.9	  0.0
9.0	  0.0



DATASET #5

Name: 95% Conf
Num Points: 66
Info: 

X, Y Data:
2.5	1.0	[1.0	1.0]
2.6	1.0	[1.0	1.0]
2.7	1.0	[1.0	1.0]
2.8	1.0	[1.0	1.0]
2.9	1.0	[1.0	1.0]
3.0	1.0	[1.0	1.0]
3.1	1.0	[1.0	1.0]
3.2	1.0	[1.0	1.0]
3.3	1.0	[1.0	1.0]
3.4	1.0	[1.0	1.0]
3.5	1.0	[1.0	1.0]
3.6	1.0	[1.0	1.0]
3.7	1.0	[1.0	1.0]
3.8	1.0	[1.0	1.0]
3.9	1.0	[1.0	1.0]
4.0	1.0	[1.0	1.0]
4.1	1.0	[1.0	1.0]
4.2	1.0	[1.0	1.0]
4.3	1.0	[1.0	1.0]
4.4	1.0	[1.0	1.0]
4.5	1.0	[1.0	1.0]
4.6	1.0	[1.0	1.0]
4.7	1.0	[1.0	1.0]
4.8	1.0	[1.0	1.0]
4.9	0.99999	[0.99993503	0.99999946]
5.0	0.99995	[0.99987596	0.9999816]
5.1	0.99978	[0.9996609	0.9998587]
5.2	0.99924	[0.9990434	0.99939716]
5.3	0.99677	[0.99639344	0.99710786]
5.4	0.9905	[0.9898745	0.9910875]
5.5	0.97626	[0.97529286	0.9771904]
5.6	0.95113	[0.9497712	0.952454]
5.7	0.91327	[0.9115047	0.9150035]
5.8	0.86222	[0.86006474	0.86434734]
5.9	0.80018	[0.7976851	0.8026518]
6.0	0.72859	[0.72582006	0.7313424]
6.1	0.65094	[0.6479748	0.6538936]
6.2	0.57304	[0.56996644	0.5761079]
6.3	0.49707	[0.4939662	0.50017405]
6.4	0.42692	[0.42385212	0.4299935]
6.5	0.36309	[0.36010972	0.3660808]
6.6	0.30794	[0.30508116	0.31081364]
6.7	0.25743	[0.25472447	0.26015422]
6.8	0.21318	[0.21064763	0.21573445]
6.9	0.1768	[0.1744429	0.179182]
7.0	0.14488	[0.14270708	0.14708027]
7.1	0.11779	[0.1158017	0.119807735]
7.2	0.09608	[0.094263956	0.09792717]
7.3	0.07697	[0.0753292	0.078643404]
7.4	0.06178	[0.060299605	0.06329417]
7.5	0.04893	[0.04760525	0.050289534]
7.6	0.03899	[0.03780291	0.040212657]
7.7	0.0303	[0.029250575	0.03138568]
7.8	0.02305	[0.022133162	0.024003679]
7.9	0.01693	[0.016143866	0.01775348]
8.0	0.01193	[0.01127071	0.012627067]
8.1	0.00733	[0.006815075	0.007883134]
8.2	0.00352	[0.0031667629	0.0039119]
8.3	0.0	[0.0	4.7892154E-5]
8.4	0.0	[0.0	0.0]
8.5	0.0	[0.0	0.0]
8.6	0.0	[0.0	0.0]
8.7	0.0	[0.0	0.0]
8.8	0.0	[0.0	0.0]
8.9	0.0	[0.0	0.0]
9.0	0.0	[0.0	0.0]



DATASET #6

     Name: Supra
   Points: 66
     Info: 

Data[x,y]:
2.5	  0.0
2.6	  0.0
2.7	  0.0
2.8	  0.0
2.9	  0.0
3.0	  0.0
3.1	  0.0
3.2	  0.0
3.3	  0.0
3.4	  0.0
3.5	  0.0
3.6	  0.0
3.7	  0.0
3.8	  0.0
3.9	  0.0
4.0	  0.0
4.1	  0.0
4.2	  0.0
4.3	  0.0
4.4	  0.0
4.5	  0.0
4.6	  0.0
4.7	  0.0
4.8	  0.0
4.9	  0.0
5.0	  0.0
5.1	  0.0
5.2	  0.0
5.3	  0.0
5.4	  0.0
5.5	  0.0
5.6	  0.0
5.7	  0.0
5.8	  0.0
5.9	  0.0
6.0	  0.0
6.1	  0.0
6.2	  0.0
6.3	  0.0
6.4	  0.0
6.5	  0.0
6.6	  0.0
6.7	  0.0
6.8	  0.0
6.9	  0.0
7.0	  0.0
7.1	  0.0
7.2	  0.0
7.3	  0.0
7.4	  0.0
7.5	  0.0
7.6	  0.0
7.7	  0.0
7.8	  0.0
7.9	  0.0
8.0	  0.0
8.1	  0.0
8.2	  0.0
8.3	  0.0
8.4	  0.0
8.5	  0.0
8.6	  0.0
8.7	  0.0
8.8	  0.0
8.9	  0.0
9.0	  0.0


