
X-Axis: Magnitude
Y-Axis: 1 Hour Cumulative Number
Number of Data Sets: 6


DATASET #1

     Name: Mean
   Points: 66
     Info: 

Data[x,y]:
2.5	  507.20636
2.6	  402.90042
2.7	  320.02618
2.8	  254.20337
2.9	  201.89532
3.0	  160.35661
3.1	  127.38305
3.2	  101.17818
3.3	  80.35619
3.4	  63.81712
3.5	  50.66264
3.6	  40.2286
3.7	  31.93263
3.8	  25.362
3.9	  20.13194
4.0	  15.98029
4.1	  12.67456
4.2	  10.05388
4.3	  7.9772
4.4	  6.32255
4.5	  5.01557
4.6	  3.97528
4.7	  3.1496
4.8	  2.49223
4.9	  1.96937
5.0	  1.55679
5.1	  1.22733
5.2	  0.96386
5.3	  0.75572
5.4	  0.59069
5.5	  0.4605
5.6	  0.35627
5.7	  0.27277
5.8	  0.20746
5.9	  0.15624
6.0	  0.11837
6.1	  0.0872
6.2	  0.05643
6.3	  0.04293
6.4	  0.03216
6.5	  0.02503
6.6	  0.02142
6.7	  0.01764
6.8	  0.01441
6.9	  0.01143
7.0	  0.00902
7.1	  0.00748
7.2	  0.00564
7.3	  0.00379
7.4	  0.00334
7.5	  0.00261
7.6	  0.00156
7.7	  4.6E-4
7.8	  2.9E-4
7.9	  1.8E-4
8.0	  4.0E-5
8.1	  1.0E-5
8.2	  0.0
8.3	  0.0
8.4	  0.0
8.5	  0.0
8.6	  0.0
8.7	  0.0
8.8	  0.0
8.9	  0.0
9.0	  0.0



DATASET #2

     Name: 2.5%,97.5%
   Points: 66
     Info: 

Data[x,y]:
2.5	  444.0
2.6	  349.0
2.7	  273.0
2.8	  214.0
2.9	  167.0
3.0	  130.0
3.1	  101.0
3.2	  78.0
3.3	  60.0
3.4	  46.0
3.5	  35.0
3.6	  27.0
3.7	  20.0
3.8	  15.0
3.9	  11.0
4.0	  8.0
4.1	  6.0
4.2	  4.0
4.3	  3.0
4.4	  2.0
4.5	  1.0
4.6	  1.0
4.7	  0.0
4.8	  0.0
4.9	  0.0
5.0	  0.0
5.1	  0.0
5.2	  0.0
5.3	  0.0
5.4	  0.0
5.5	  0.0
5.6	  0.0
5.7	  0.0
5.8	  0.0
5.9	  0.0
6.0	  0.0
6.1	  0.0
6.2	  0.0
6.3	  0.0
6.4	  0.0
6.5	  0.0
6.6	  0.0
6.7	  0.0
6.8	  0.0
6.9	  0.0
7.0	  0.0
7.1	  0.0
7.2	  0.0
7.3	  0.0
7.4	  0.0
7.5	  0.0
7.6	  0.0
7.7	  0.0
7.8	  0.0
7.9	  0.0
8.0	  0.0
8.1	  0.0
8.2	  0.0
8.3	  0.0
8.4	  0.0
8.5	  0.0
8.6	  0.0
8.7	  0.0
8.8	  0.0
8.9	  0.0
9.0	  0.0



DATASET #3

     Name: null
   Points: 66
     Info: 

Data[x,y]:
2.5	  610.0
2.6	  487.0
2.7	  388.0
2.8	  311.0
2.9	  249.0
3.0	  200.0
3.1	  161.0
3.2	  130.0
3.3	  105.0
3.4	  85.0
3.5	  69.0
3.6	  57.0
3.7	  46.0
3.8	  38.0
3.9	  31.0
4.0	  26.0
4.1	  21.0
4.2	  18.0
4.3	  15.0
4.4	  12.0
4.5	  10.0
4.6	  9.0
4.7	  7.0
4.8	  6.0
4.9	  5.0
5.0	  5.0
5.1	  4.0
5.2	  3.0
5.3	  3.0
5.4	  3.0
5.5	  2.0
5.6	  2.0
5.7	  2.0
5.8	  1.0
5.9	  1.0
6.0	  1.0
6.1	  1.0
6.2	  1.0
6.3	  1.0
6.4	  1.0
6.5	  0.0
6.6	  0.0
6.7	  0.0
6.8	  0.0
6.9	  0.0
7.0	  0.0
7.1	  0.0
7.2	  0.0
7.3	  0.0
7.4	  0.0
7.5	  0.0
7.6	  0.0
7.7	  0.0
7.8	  0.0
7.9	  0.0
8.0	  0.0
8.1	  0.0
8.2	  0.0
8.3	  0.0
8.4	  0.0
8.5	  0.0
8.6	  0.0
8.7	  0.0
8.8	  0.0
8.9	  0.0
9.0	  0.0



DATASET #4

     Name: 1 hr Prob
   Points: 66
     Info: 

Data[x,y]:
2.5	  1.0
2.6	  1.0
2.7	  1.0
2.8	  1.0
2.9	  1.0
3.0	  1.0
3.1	  1.0
3.2	  1.0
3.3	  1.0
3.4	  1.0
3.5	  1.0
3.6	  1.0
3.7	  1.0
3.8	  1.0
3.9	  1.0
4.0	  1.0
4.1	  1.0
4.2	  0.99992
4.3	  0.99937
4.4	  0.99725
4.5	  0.99084
4.6	  0.97595
4.7	  0.94958
4.8	  0.90511
4.9	  0.84507
5.0	  0.77247
5.1	  0.6889
5.2	  0.60098
5.3	  0.51456
5.4	  0.43276
5.5	  0.35838
5.6	  0.29178
5.7	  0.23231
5.8	  0.18279
5.9	  0.14142
6.0	  0.10873
6.1	  0.08159
6.2	  0.05366
6.3	  0.04134
6.4	  0.03114
6.5	  0.02429
6.6	  0.02101
6.7	  0.01733
6.8	  0.0142
6.9	  0.01134
7.0	  0.00899
7.1	  0.00746
7.2	  0.00564
7.3	  0.00379
7.4	  0.00334
7.5	  0.00261
7.6	  0.00156
7.7	  4.6E-4
7.8	  2.9E-4
7.9	  1.8E-4
8.0	  4.0E-5
8.1	  1.0E-5
8.2	  0.0
8.3	  0.0
8.4	  0.0
8.5	  0.0
8.6	  0.0
8.7	  0.0
8.8	  0.0
8.9	  0.0
9.0	  0.0



DATASET #5

Name: 95% Conf
Num Points: 66
Info: 

X, Y Data:
2.5	1.0	[1.0	1.0]
2.6	1.0	[1.0	1.0]
2.7	1.0	[1.0	1.0]
2.8	1.0	[1.0	1.0]
2.9	1.0	[1.0	1.0]
3.0	1.0	[1.0	1.0]
3.1	1.0	[1.0	1.0]
3.2	1.0	[1.0	1.0]
3.3	1.0	[1.0	1.0]
3.4	1.0	[1.0	1.0]
3.5	1.0	[1.0	1.0]
3.6	1.0	[1.0	1.0]
3.7	1.0	[1.0	1.0]
3.8	1.0	[1.0	1.0]
3.9	1.0	[1.0	1.0]
4.0	1.0	[1.0	1.0]
4.1	1.0	[1.0	1.0]
4.2	0.99992	[0.9998355	0.9999628]
4.3	0.99937	[0.9991885	0.9995119]
4.4	0.99725	[0.99690044	0.99756074]
4.5	0.99084	[0.9902252	0.99141675]
4.6	0.97595	[0.9749769	0.97688633]
4.7	0.94958	[0.94820136	0.9509239]
4.8	0.90511	[0.9032729	0.90691584]
4.9	0.84507	[0.842809	0.8473044]
5.0	0.77247	[0.7698561	0.7750629]
5.1	0.6889	[0.6860184	0.69176704]
5.2	0.60098	[0.597936	0.60401624]
5.3	0.51456	[0.5114568	0.5176621]
5.4	0.43276	[0.42968675	0.4358384]
5.5	0.35838	[0.35540837	0.36136252]
5.6	0.29178	[0.28896552	0.2946105]
5.7	0.23231	[0.22969785	0.23494275]
5.8	0.18279	[0.18040171	0.18520272]
5.9	0.14142	[0.13926907	0.14359856]
6.0	0.10873	[0.10681059	0.11067955]
6.1	0.08159	[0.07990442	0.08330782]
6.2	0.05366	[0.052275423	0.05507899]
6.3	0.04134	[0.040118705	0.042596675]
6.4	0.03114	[0.030076386	0.032239802]
6.5	0.02429	[0.023349034	0.025267705]
6.6	0.02101	[0.02013442	0.021922588]
6.7	0.01733	[0.016534626	0.018162686]
6.8	0.0142	[0.013480244	0.014957334]
6.9	0.01134	[0.010697383	0.012020445]
7.0	0.00899	[0.008418704	0.009599341]
7.1	0.00746	[0.0069404384	0.008017757]
7.2	0.00564	[0.0051896563	0.006128734]
7.3	0.00379	[0.0034229949	0.004195628]
7.4	0.00334	[0.0029962396	0.0037224512]
7.5	0.00261	[0.002307604	0.0029512132]
7.6	0.00156	[0.0013291816	0.0018298934]
7.7	4.6E-4	[3.4062742E-4	6.191808E-4]
7.8	2.9E-4	[1.978313E-4	4.2235057E-4]
7.9	1.8E-4	[1.0999825E-4	2.9065256E-4]
8.0	4.0E-5	[1.2813544E-5	1.10003224E-4]
8.1	1.0E-5	[5.219861E-7	6.4949265E-5]
8.2	0.0	[0.0	4.7892154E-5]
8.3	0.0	[0.0	4.7892154E-5]
8.4	0.0	[0.0	0.0]
8.5	0.0	[0.0	0.0]
8.6	0.0	[0.0	0.0]
8.7	0.0	[0.0	0.0]
8.8	0.0	[0.0	0.0]
8.9	0.0	[0.0	0.0]
9.0	0.0	[0.0	0.0]



DATASET #6

     Name: Supra
   Points: 66
     Info: 

Data[x,y]:
2.5	  0.03909
2.6	  0.03909
2.7	  0.03909
2.8	  0.03909
2.9	  0.03909
3.0	  0.03909
3.1	  0.03909
3.2	  0.03909
3.3	  0.03909
3.4	  0.03909
3.5	  0.03909
3.6	  0.03909
3.7	  0.03909
3.8	  0.03909
3.9	  0.03909
4.0	  0.03909
4.1	  0.03909
4.2	  0.03909
4.3	  0.03909
4.4	  0.03909
4.5	  0.03909
4.6	  0.03909
4.7	  0.03909
4.8	  0.03909
4.9	  0.03909
5.0	  0.03909
5.1	  0.03909
5.2	  0.03909
5.3	  0.03909
5.4	  0.03909
5.5	  0.03909
5.6	  0.03909
5.7	  0.03909
5.8	  0.03909
5.9	  0.03909
6.0	  0.03907
6.1	  0.03461
6.2	  0.02637
6.3	  0.02235
6.4	  0.01916
6.5	  0.01686
6.6	  0.01577
6.7	  0.01369
6.8	  0.01173
6.9	  0.0097
7.0	  0.00795
7.1	  0.00682
7.2	  0.00527
7.3	  0.00359
7.4	  0.00327
7.5	  0.00258
7.6	  0.00156
7.7	  4.6E-4
7.8	  2.9E-4
7.9	  1.8E-4
8.0	  4.0E-5
8.1	  1.0E-5
8.2	  0.0
8.3	  0.0
8.4	  0.0
8.5	  0.0
8.6	  0.0
8.7	  0.0
8.8	  0.0
8.9	  0.0
9.0	  0.0


