
X-Axis: Magnitude
Y-Axis: 1 Week Cumulative Number
Number of Data Sets: 6


DATASET #1

     Name: Mean
   Points: 66
     Info: 

Data[x,y]:
2.5	  2725.5803
2.6	  2164.9412
2.7	  1719.5074
2.8	  1365.7549
2.9	  1084.813
3.0	  861.69836
3.1	  684.41565
3.2	  543.60376
3.3	  431.7149
3.4	  342.9119
3.5	  272.31064
3.6	  216.25952
3.7	  171.74419
3.8	  136.37975
3.9	  108.28023
4.0	  85.95694
4.1	  68.20275
4.2	  54.14434
4.3	  42.962
4.4	  34.06963
4.5	  27.01204
4.6	  21.39434
4.7	  16.94536
4.8	  13.40076
4.9	  10.58575
5.0	  8.35101
5.1	  6.58406
5.2	  5.17676
5.3	  4.0617
5.4	  3.17619
5.5	  2.4704
5.6	  1.91371
5.7	  1.47235
5.8	  1.12182
5.9	  0.84325
6.0	  0.63979
6.1	  0.46507
6.2	  0.30161
6.3	  0.2285
6.4	  0.17045
6.5	  0.1324
6.6	  0.11312
6.7	  0.09374
6.8	  0.07737
6.9	  0.06114
7.0	  0.04724
7.1	  0.03887
7.2	  0.02907
7.3	  0.02012
7.4	  0.01788
7.5	  0.01367
7.6	  0.00727
7.7	  0.00238
7.8	  0.00158
7.9	  0.00105
8.0	  3.4E-4
8.1	  8.0E-5
8.2	  0.0
8.3	  0.0
8.4	  0.0
8.5	  0.0
8.6	  0.0
8.7	  0.0
8.8	  0.0
8.9	  0.0
9.0	  0.0



DATASET #2

     Name: 2.5%,97.5%
   Points: 66
     Info: 

Data[x,y]:
2.5	  2521.0
2.6	  1994.0
2.7	  1576.0
2.8	  1245.0
2.9	  982.0
3.0	  774.0
3.1	  610.0
3.2	  480.0
3.3	  377.0
3.4	  296.0
3.5	  232.0
3.6	  181.0
3.7	  141.0
3.8	  109.0
3.9	  85.0
4.0	  66.0
4.1	  50.0
4.2	  38.0
4.3	  29.0
4.4	  22.0
4.5	  16.0
4.6	  12.0
4.7	  9.0
4.8	  6.0
4.9	  4.0
5.0	  3.0
5.1	  2.0
5.2	  1.0
5.3	  1.0
5.4	  0.0
5.5	  0.0
5.6	  0.0
5.7	  0.0
5.8	  0.0
5.9	  0.0
6.0	  0.0
6.1	  0.0
6.2	  0.0
6.3	  0.0
6.4	  0.0
6.5	  0.0
6.6	  0.0
6.7	  0.0
6.8	  0.0
6.9	  0.0
7.0	  0.0
7.1	  0.0
7.2	  0.0
7.3	  0.0
7.4	  0.0
7.5	  0.0
7.6	  0.0
7.7	  0.0
7.8	  0.0
7.9	  0.0
8.0	  0.0
8.1	  0.0
8.2	  0.0
8.3	  0.0
8.4	  0.0
8.5	  0.0
8.6	  0.0
8.7	  0.0
8.8	  0.0
8.9	  0.0
9.0	  0.0



DATASET #3

     Name: null
   Points: 66
     Info: 

Data[x,y]:
2.5	  3362.0
2.6	  2674.0
2.7	  2125.0
2.8	  1690.0
2.9	  1345.0
3.0	  1071.0
3.1	  855.0
3.2	  681.0
3.3	  543.0
3.4	  433.0
3.5	  346.0
3.6	  276.0
3.7	  221.0
3.8	  177.0
3.9	  142.0
4.0	  114.0
4.1	  92.0
4.2	  75.0
4.3	  61.0
4.4	  49.0
4.5	  40.0
4.6	  33.0
4.7	  27.0
4.8	  22.0
4.9	  18.0
5.0	  15.0
5.1	  13.0
5.2	  11.0
5.3	  9.0
5.4	  7.0
5.5	  6.0
5.6	  5.0
5.7	  4.0
5.8	  4.0
5.9	  3.0
6.0	  3.0
6.1	  2.0
6.2	  2.0
6.3	  1.0
6.4	  1.0
6.5	  1.0
6.6	  1.0
6.7	  1.0
6.8	  1.0
6.9	  1.0
7.0	  1.0
7.1	  1.0
7.2	  1.0
7.3	  0.0
7.4	  0.0
7.5	  0.0
7.6	  0.0
7.7	  0.0
7.8	  0.0
7.9	  0.0
8.0	  0.0
8.1	  0.0
8.2	  0.0
8.3	  0.0
8.4	  0.0
8.5	  0.0
8.6	  0.0
8.7	  0.0
8.8	  0.0
8.9	  0.0
9.0	  0.0



DATASET #4

     Name: 1 wk Prob
   Points: 66
     Info: 

Data[x,y]:
2.5	  1.0
2.6	  1.0
2.7	  1.0
2.8	  1.0
2.9	  1.0
3.0	  1.0
3.1	  1.0
3.2	  1.0
3.3	  1.0
3.4	  1.0
3.5	  1.0
3.6	  1.0
3.7	  1.0
3.8	  1.0
3.9	  1.0
4.0	  1.0
4.1	  1.0
4.2	  1.0
4.3	  1.0
4.4	  1.0
4.5	  1.0
4.6	  1.0
4.7	  1.0
4.8	  1.0
4.9	  0.99997
5.0	  0.99967
5.1	  0.99812
5.2	  0.99242
5.3	  0.97828
5.4	  0.95168
5.5	  0.90568
5.6	  0.84062
5.7	  0.7572
5.8	  0.66118
5.9	  0.55791
6.0	  0.46362
6.1	  0.36551
6.2	  0.25643
6.3	  0.20185
6.4	  0.15508
6.5	  0.12255
6.6	  0.10658
6.7	  0.08905
6.8	  0.07441
6.9	  0.05966
7.0	  0.04655
7.1	  0.03852
7.2	  0.02892
7.3	  0.02006
7.4	  0.01784
7.5	  0.01364
7.6	  0.00725
7.7	  0.00238
7.8	  0.00158
7.9	  0.00105
8.0	  3.4E-4
8.1	  8.0E-5
8.2	  0.0
8.3	  0.0
8.4	  0.0
8.5	  0.0
8.6	  0.0
8.7	  0.0
8.8	  0.0
8.9	  0.0
9.0	  0.0



DATASET #5

Name: 95% Conf
Num Points: 66
Info: 

X, Y Data:
2.5	1.0	[1.0	1.0]
2.6	1.0	[1.0	1.0]
2.7	1.0	[1.0	1.0]
2.8	1.0	[1.0	1.0]
2.9	1.0	[1.0	1.0]
3.0	1.0	[1.0	1.0]
3.1	1.0	[1.0	1.0]
3.2	1.0	[1.0	1.0]
3.3	1.0	[1.0	1.0]
3.4	1.0	[1.0	1.0]
3.5	1.0	[1.0	1.0]
3.6	1.0	[1.0	1.0]
3.7	1.0	[1.0	1.0]
3.8	1.0	[1.0	1.0]
3.9	1.0	[1.0	1.0]
4.0	1.0	[1.0	1.0]
4.1	1.0	[1.0	1.0]
4.2	1.0	[1.0	1.0]
4.3	1.0	[1.0	1.0]
4.4	1.0	[1.0	1.0]
4.5	1.0	[1.0	1.0]
4.6	1.0	[1.0	1.0]
4.7	1.0	[1.0	1.0]
4.8	1.0	[1.0	1.0]
4.9	0.99997	[0.9999044	0.99999225]
5.0	0.99967	[0.9995308	0.99976915]
5.1	0.99812	[0.99782634	0.9983747]
5.2	0.99242	[0.991858	0.9929438]
5.3	0.97828	[0.97735286	0.97917014]
5.4	0.95168	[0.95032835	0.9529968]
5.5	0.90568	[0.9038478	0.90748096]
5.6	0.84062	[0.8383332	0.84288055]
5.7	0.7572	[0.75452757	0.75985265]
5.8	0.66118	[0.65823525	0.6641123]
5.9	0.55791	[0.55482465	0.56099087]
6.0	0.46362	[0.46052563	0.46671715]
6.1	0.36551	[0.3625254	0.36850494]
6.2	0.25643	[0.25372794	0.2591508]
6.3	0.20185	[0.19936872	0.20435424]
6.4	0.15508	[0.1528447	0.15734185]
6.5	0.12255	[0.12052705	0.12460202]
6.6	0.10658	[0.10467754	0.10851277]
6.7	0.08905	[0.08729549	0.090836175]
6.8	0.07441	[0.07279475	0.07605805]
6.9	0.05966	[0.058203857	0.06115009]
7.0	0.04655	[0.04525663	0.04787834]
7.1	0.03852	[0.03733989	0.039735716]
7.2	0.02892	[0.027894363	0.029982002]
7.3	0.02006	[0.019204361	0.020952724]
7.4	0.01784	[0.017033005	0.018684264]
7.5	0.01364	[0.012934663	0.014382962]
7.6	0.00725	[0.006737949	0.0078002685]
7.7	0.00238	[0.0020918194	0.002707044]
7.8	0.00158	[0.0013476226	0.001851446]
7.9	0.00105	[8.62999E-4	0.0012762854]
8.0	3.4E-4	[2.3915971E-4	4.8088527E-4]
8.1	8.0E-5	[3.7198402E-5	1.6448459E-4]
8.2	0.0	[0.0	4.7892154E-5]
8.3	0.0	[0.0	4.7892154E-5]
8.4	0.0	[0.0	0.0]
8.5	0.0	[0.0	0.0]
8.6	0.0	[0.0	0.0]
8.7	0.0	[0.0	0.0]
8.8	0.0	[0.0	0.0]
8.9	0.0	[0.0	0.0]
9.0	0.0	[0.0	0.0]



DATASET #6

     Name: Supra
   Points: 66
     Info: 

Data[x,y]:
2.5	  0.19436
2.6	  0.19436
2.7	  0.19436
2.8	  0.19436
2.9	  0.19436
3.0	  0.19436
3.1	  0.19436
3.2	  0.19436
3.3	  0.19436
3.4	  0.19436
3.5	  0.19436
3.6	  0.19436
3.7	  0.19436
3.8	  0.19436
3.9	  0.19436
4.0	  0.19436
4.1	  0.19436
4.2	  0.19436
4.3	  0.19436
4.4	  0.19436
4.5	  0.19436
4.6	  0.19436
4.7	  0.19436
4.8	  0.19436
4.9	  0.19436
5.0	  0.19436
5.1	  0.19436
5.2	  0.19436
5.3	  0.19436
5.4	  0.19436
5.5	  0.19436
5.6	  0.19435
5.7	  0.19435
5.8	  0.19433
5.9	  0.19432
6.0	  0.19425
6.1	  0.17138
6.2	  0.13161
6.3	  0.11331
6.4	  0.09806
6.5	  0.08696
6.6	  0.08115
6.7	  0.07109
6.8	  0.06204
6.9	  0.0517
7.0	  0.04146
7.1	  0.03552
7.2	  0.02722
7.3	  0.01929
7.4	  0.01755
7.5	  0.01355
7.6	  0.00721
7.7	  0.00237
7.8	  0.00158
7.9	  0.00105
8.0	  3.4E-4
8.1	  8.0E-5
8.2	  0.0
8.3	  0.0
8.4	  0.0
8.5	  0.0
8.6	  0.0
8.7	  0.0
8.8	  0.0
8.9	  0.0
9.0	  0.0


